#    PtBin     PtMin     PtMax      Value     Error  a1_25 
        1       0.0       2.5 5925994.000000 2434.3365 
        2       2.5       5.0 11426216.000000 3380.2686 
        3       5.0       7.5 10682607.000000 3268.4258 
        4       7.5      10.0 8722243.000000 2953.3444 
        5      10.0      12.5 7001798.000000 2646.0911 
        6      12.5      15.0 5661897.000000 2379.4741 
        7      15.0      17.5 4631299.000000 2152.0453 
        8      17.5      20.0 3831465.000000 1957.4128 
        9      20.0      30.0 10095193.000000 3177.2933 
       10      30.0      40.0 5433593.000000 2331.0069 
       11      40.0      50.0 3140631.000000 1772.1826 
       12      50.0      70.0 3044874.000000 1744.9567 
       13      70.0      90.0 1222341.000000 1105.5953 
       14      90.0     110.0 553138.000000  743.7325 
       15     110.0     150.0 460889.000000  678.8881 
       16     150.0     190.0 159403.000000  399.2531 
       17     190.0     250.0 81878.000000  286.1433 
       18     250.0     600.0 22988.000000  151.6179 
       19     600.0    3500.0  0.000000    0.0000 
