#    PtBin     PtMin     PtMax      Value     Error  a0_85 
        1       0.0       2.5 5710357.000000 2389.6353 
        2       2.5       5.0 10454008.000000 3233.2658 
        3       5.0       7.5 9602318.000000 3098.7607 
        4       7.5      10.0 7831255.000000 2798.4380 
        5      10.0      12.5 6291339.000000 2508.2542 
        6      12.5      15.0 5100908.000000 2258.5190 
        7      15.0      17.5 4181183.000000 2044.7941 
        8      17.5      20.0 3462138.000000 1860.6821 
        9      20.0      30.0 9137968.000000 3022.9072 
       10      30.0      40.0 4924331.000000 2219.0834 
       11      40.0      50.0 2847210.000000 1687.3678 
       12      50.0      70.0 2763888.000000 1662.4945 
       13      70.0      90.0 1107905.000000 1052.5707 
       14      90.0     110.0 501623.000000  708.2535 
       15     110.0     150.0 419121.000000  647.3956 
       16     150.0     190.0 145066.000000  380.8753 
       17     190.0     250.0 74526.000000  272.9945 
       18     250.0     600.0 20892.000000  144.5407 
       19     600.0    3500.0  0.000000    0.0000 
