#    PtBin     PtMin     PtMax      Value     Error  a2_75 
        1       0.0       2.5 4081723.000000 2020.3274 
        2       2.5       5.0 8902555.000000 2983.7150 
        3       5.0       7.5 9017270.000000 3002.8770 
        4       7.5      10.0 7480661.000000 2735.0797 
        5      10.0      12.5 5975175.000000 2444.4171 
        6      12.5      15.0 4797125.000000 2190.2340 
        7      15.0      17.5 3905041.000000 1976.1177 
        8      17.5      20.0 3214645.000000 1792.9431 
        9      20.0      30.0 8421908.000000 2902.0524 
       10      30.0      40.0 4505502.000000 2122.6168 
       11      40.0      50.0 2597910.000000 1611.8033 
       12      50.0      70.0 2499797.000000 1581.0746 
       13      70.0      90.0 1005592.000000 1002.7921 
       14      90.0     110.0 455834.000000  675.1548 
       15     110.0     150.0 379600.000000  616.1169 
       16     150.0     190.0 131875.000000  363.1460 
       17     190.0     250.0 67542.000000  259.8884 
       18     250.0     600.0 19055.000000  138.0398 
       19     600.0    3500.0  0.000000    0.0000 
