#    PtBin     PtMin     PtMax      Value     Error  a0_95 
        1       0.0       2.5 5309155.000000 2304.1604 
        2       2.5       5.0 9861581.000000 3140.3154 
        3       5.0       7.5 9092770.000000 3015.4220 
        4       7.5      10.0 7415053.000000 2723.0595 
        5      10.0      12.5 5953899.000000 2440.0613 
        6      12.5      15.0 4827017.000000 2197.0473 
        7      15.0      17.5 3954498.000000 1988.5920 
        8      17.5      20.0 3274372.000000 1809.5226 
        9      20.0      30.0 8633024.000000 2938.2008 
       10      30.0      40.0 4650284.000000 2156.4517 
       11      40.0      50.0 2689354.000000 1639.9250 
       12      50.0      70.0 2611653.000000 1616.0610 
       13      70.0      90.0 1046835.000000 1023.1495 
       14      90.0     110.0 474371.000000  688.7460 
       15     110.0     150.0 395710.000000  629.0548 
       16     150.0     190.0 137097.000000  370.2661 
       17     190.0     250.0 70443.000000  265.4110 
       18     250.0     600.0 19828.000000  140.8119 
       19     600.0    3500.0  0.000000    0.0000 
