#    PtBin     PtMin     PtMax      Value     Error  a0_80 
        1       0.0       2.5 6441227.000000 2537.9572 
        2       2.5       5.0 11713283.000000 3422.4674 
        3       5.0       7.5 10736253.000000 3276.6222 
        4       7.5      10.0 8755861.000000 2959.0304 
        5      10.0      12.5 7039477.000000 2653.2013 
        6      12.5      15.0 5705938.000000 2388.7105 
        7      15.0      17.5 4678104.000000 2162.8925 
        8      17.5      20.0 3874703.000000 1968.4265 
        9      20.0      30.0 10225418.000000 3197.7208 
       10      30.0      40.0 5510158.000000 2347.3726 
       11      40.0      50.0 3186614.000000 1785.1090 
       12      50.0      70.0 3092597.000000 1758.5781 
       13      70.0      90.0 1240796.000000 1113.9102 
       14      90.0     110.0 562236.000000  749.8240 
       15     110.0     150.0 469215.000000  684.9927 
       16     150.0     190.0 162913.000000  403.6248 
       17     190.0     250.0 83461.000000  288.8962 
       18     250.0     600.0 23424.000000  153.0490 
       19     600.0    3500.0 100.000000    0.0000 
