#    PtBin     PtMin     PtMax      Value     Error  a2_5 
        1       0.0       2.5 4505068.000000 2122.5145 
        2       2.5       5.0 9674354.000000 3110.3624 
        3       5.0       7.5 9668435.000000 3109.4107 
        4       7.5      10.0 7988773.000000 2826.4418 
        5      10.0      12.5 6384917.000000 2526.8393 
        6      12.5      15.0 5131742.000000 2265.3349 
        7      15.0      17.5 4177667.000000 2043.9342 
        8      17.5      20.0 3442797.000000 1855.4776 
        9      20.0      30.0 9034168.000000 3005.6893 
       10      30.0      40.0 4837588.000000 2199.4517 
       11      40.0      50.0 2789197.000000 1670.0889 
       12      50.0      70.0 2696224.000000 1642.0183 
       13      70.0      90.0 1078604.000000 1038.5586 
       14      90.0     110.0 489840.000000  699.8857 
       15     110.0     150.0 407551.000000  638.3972 
       16     150.0     190.0 141144.000000  375.6914 
       17     190.0     250.0 72414.000000  269.0985 
       18     250.0     600.0 20541.000000  143.3213 
       19     600.0    3500.0  0.000000    0.0000 
