#    PtBin     PtMin     PtMax      Value     Error  a3_0 
        1       0.0       2.5 4895292.000000 2212.5307 
        2       2.5       5.0 10816619.000000 3288.8629 
        3       5.0       7.5 11098058.000000 3331.3748 
        4       7.5      10.0 9247660.000000 3040.9965 
        5      10.0      12.5 7383260.000000 2717.2155 
        6      12.5      15.0 5920561.000000 2433.2203 
        7      15.0      17.5 4812307.000000 2193.6971 
        8      17.5      20.0 3960024.000000 1989.9809 
        9      20.0      30.0 10373835.000000 3220.8438 
       10      30.0      40.0 5541557.000000 2354.0512 
       11      40.0      50.0 3191839.000000 1786.5719 
       12      50.0      70.0 3084222.000000 1756.1953 
       13      70.0      90.0 1234417.000000 1111.0432 
       14      90.0     110.0 558256.000000  747.1653 
       15     110.0     150.0 464947.000000  681.8702 
       16     150.0     190.0 162262.000000  402.8176 
       17     190.0     250.0 82417.000000  287.0836 
       18     250.0     600.0 23213.000000  152.3581 
       19     600.0    3500.0  0.000000    0.0000 
