#    PtBin     PtMin     PtMax      Value     Error  a1_75 
        1       0.0       2.5 5666296.000000 2380.3983 
        2       2.5       5.0 11490027.000000 3389.6942 
        3       5.0       7.5 11030705.000000 3321.2505 
        4       7.5      10.0 9033318.000000 3005.5479 
        5      10.0      12.5 7234972.000000 2689.7903 
        6      12.5      15.0 5837015.000000 2415.9915 
        7      15.0      17.5 4765598.000000 2183.0250 
        8      17.5      20.0 3940638.000000 1985.1040 
        9      20.0      30.0 10354777.000000 3217.8839 
       10      30.0      40.0 5561370.000000 2358.2557 
       11      40.0      50.0 3210602.000000 1791.8153 
       12      50.0      70.0 3111733.000000 1764.0105 
       13      70.0      90.0 1247182.000000 1116.7730 
       14      90.0     110.0 564869.000000  751.5777 
       15     110.0     150.0 470453.000000  685.8958 
       16     150.0     190.0 163031.000000  403.7710 
       17     190.0     250.0 83685.000000  289.2836 
       18     250.0     600.0 23511.000000  153.3330 
       19     600.0    3500.0  0.000000    0.0000 
