#    PtBin     PtMin     PtMax      Value     Error  a1_0 
        1       0.0       2.5 5186709.000000 2277.4347 
        2       2.5       5.0 9697524.000000 3114.0848 
        3       5.0       7.5 8964513.000000 2994.0797 
        4       7.5      10.0 7310749.000000 2703.8397 
        5      10.0      12.5 5868792.000000 2422.5590 
        6      12.5      15.0 4757742.000000 2181.2249 
        7      15.0      17.5 3894837.000000 1973.5341 
        8      17.5      20.0 3225682.000000 1796.0184 
        9      20.0      30.0 8502649.000000 2915.9302 
       10      30.0      40.0 4578360.000000 2139.7103 
       11      40.0      50.0 2647541.000000 1627.1266 
       12      50.0      70.0 2573945.000000 1604.3519 
       13      70.0      90.0 1031431.000000 1015.5939 
       14      90.0     110.0 466420.000000  682.9495 
       15     110.0     150.0 389433.000000  624.0457 
       16     150.0     190.0 134622.000000  366.9087 
       17     190.0     250.0 69142.000000  262.9487 
       18     250.0     600.0 19445.000000  139.4453 
       19     600.0    3500.0  0.000000    0.0000 
