#    PtBin     PtMin     PtMax      Value     Error  a3_75 
        1       0.0       2.5 5636485.000000 2374.1283 
        2       2.5       5.0 12881455.000000 3589.0744 
        3       5.0       7.5 13709539.000000 3702.6395 
        4       7.5      10.0 11596396.000000 3405.3481 
        5      10.0      12.5 9267890.000000 3044.3209 
        6      12.5      15.0 7410326.000000 2722.1914 
        7      15.0      17.5 6003166.000000 2450.1359 
        8      17.5      20.0 4928943.000000 2220.1223 
        9      20.0      30.0 12871191.000000 3587.6442 
       10      30.0      40.0 6853559.000000 2617.9303 
       11      40.0      50.0 3941654.000000 1985.3599 
       12      50.0      70.0 3793111.000000 1947.5911 
       13      70.0      90.0 1521152.000000 1233.3499 
       14      90.0     110.0 688152.000000  829.5493 
       15     110.0     150.0 573847.000000  757.5269 
       16     150.0     190.0 199092.000000  446.1973 
       17     190.0     250.0 101619.000000  318.7774 
       18     250.0     600.0 28432.000000  168.6179 
       19     600.0    3500.0  0.000000    0.0000 
