#    PtBin     PtMin     PtMax      Value     Error  a2_25 
        1       0.0       2.5 5317072.000000 2305.8777 
        2       2.5       5.0 11221114.000000 3349.7931 
        3       5.0       7.5 11065259.000000 3326.4484 
        4       7.5      10.0 9114401.000000 3019.0066 
        5      10.0      12.5 7287873.000000 2699.6061 
        6      12.5      15.0 5862088.000000 2421.1749 
        7      15.0      17.5 4780267.000000 2186.3822 
        8      17.5      20.0 3942092.000000 1985.4702 
        9      20.0      30.0 10347277.000000 3216.7184 
       10      30.0      40.0 5545533.000000 2354.8955 
       11      40.0      50.0 3199588.000000 1788.7392 
       12      50.0      70.0 3098999.000000 1760.3974 
       13      70.0      90.0 1241257.000000 1114.1171 
       14      90.0     110.0 562117.000000  749.7446 
       15     110.0     150.0 468133.000000  684.2025 
       16     150.0     190.0 162136.000000  402.6611 
       17     190.0     250.0 82689.000000  287.5570 
       18     250.0     600.0 23422.000000  153.0425 
       19     600.0    3500.0  0.000000    0.0000 
