#    PtBin     PtMin     PtMax      Value     Error  a0_75 
        1       0.0       2.5 6393971.000000 2528.6303 
        2       2.5       5.0 11544758.000000 3397.7578 
        3       5.0       7.5 10554960.000000 3248.8398 
        4       7.5      10.0 8614685.000000 2935.0784 
        5      10.0      12.5 6925079.000000 2631.5545 
        6      12.5      15.0 5614667.000000 2369.5289 
        7      15.0      17.5 4602670.000000 2145.3834 
        8      17.5      20.0 3815028.000000 1953.2097 
        9      20.0      30.0 10066071.000000 3172.7072 
       10      30.0      40.0 5424718.000000 2329.1024 
       11      40.0      50.0 3139137.000000 1771.7610 
       12      50.0      70.0 3039964.000000 1743.5493 
       13      70.0      90.0 1221050.000000 1105.0113 
       14      90.0     110.0 554134.000000  744.4018 
       15     110.0     150.0 462434.000000  680.0250 
       16     150.0     190.0 160815.000000  401.0175 
       17     190.0     250.0 82295.000000  286.8711 
       18     250.0     600.0 22906.000000  151.3473 
       19     600.0    3500.0  0.000000    0.0000 
