#    PtBin     PtMin     PtMax      Value     Error  a3_5 
        1       0.0       2.5 5847967.000000 2418.2570 
        2       2.5       5.0 13227252.000000 3636.9289 
        3       5.0       7.5 13918887.000000 3730.8025 
        4       7.5      10.0 11703794.000000 3421.0808 
        5      10.0      12.5 9350698.000000 3057.8911 
        6      12.5      15.0 7486283.000000 2736.1073 
        7      15.0      17.5 6068593.000000 2463.4514 
        8      17.5      20.0 4988452.000000 2233.4843 
        9      20.0      30.0 13034993.000000 3610.4007 
       10      30.0      40.0 6951880.000000 2636.6418 
       11      40.0      50.0 3999263.000000 1999.8157 
       12      50.0      70.0 3855721.000000 1963.5990 
       13      70.0      90.0 1546622.000000 1243.6326 
       14      90.0     110.0 700083.000000  836.7096 
       15     110.0     150.0 582346.000000  763.1160 
       16     150.0     190.0 202003.000000  449.4474 
       17     190.0     250.0 102932.000000  320.8302 
       18     250.0     600.0 29032.000000  170.3878 
       19     600.0    3500.0  0.000000    0.0000 
