#    PtBin     PtMin     PtMax      Value     Error  a4_0 
        1       0.0       2.5 5394340.000000 2322.5719 
        2       2.5       5.0 12453260.000000 3528.9177 
        3       5.0       7.5 13397209.000000 3660.2198 
        4       7.5      10.0 11396207.000000 3375.8269 
        5      10.0      12.5 9114282.000000 3018.9869 
        6      12.5      15.0 7280085.000000 2698.1633 
        7      15.0      17.5 5892425.000000 2427.4318 
        8      17.5      20.0 4835875.000000 2199.0623 
        9      20.0      30.0 12611722.000000 3551.2986 
       10      30.0      40.0 6709438.000000 2590.2583 
       11      40.0      50.0 3855682.000000 1963.5891 
       12      50.0      70.0 3719847.000000 1928.6905 
       13      70.0      90.0 1488968.000000 1220.2328 
       14      90.0     110.0 672502.000000  820.0622 
       15     110.0     150.0 560356.000000  748.5693 
       16     150.0     190.0 194123.000000  440.5939 
       17     190.0     250.0 99552.000000  315.5186 
       18     250.0     600.0 27945.000000  167.1676 
       19     600.0    3500.0  0.000000    0.0000 
