#    PtBin     PtMin     PtMax      Value     Error  a1_5 
        1       0.0       2.5 5935106.000000 2436.2073 
        2       2.5       5.0 11753239.000000 3428.2997 
        3       5.0       7.5 11129269.000000 3336.0559 
        4       7.5      10.0 9098044.000000 3016.2964 
        5      10.0      12.5 7293489.000000 2700.6460 
        6      12.5      15.0 5895435.000000 2428.0517 
        7      15.0      17.5 4813470.000000 2193.9622 
        8      17.5      20.0 3982643.000000 1995.6560 
        9      20.0      30.0 10478269.000000 3237.0154 
       10      30.0      40.0 5633724.000000 2373.5467 
       11      40.0      50.0 3255016.000000 1804.1663 
       12      50.0      70.0 3156019.000000 1776.5188 
       13      70.0      90.0 1266782.000000 1125.5141 
       14      90.0     110.0 572749.000000  756.8018 
       15     110.0     150.0 477226.000000  690.8155 
       16     150.0     190.0 164894.000000  406.0714 
       17     190.0     250.0 84791.000000  291.1889 
       18     250.0     600.0 23884.000000  154.5445 
       19     600.0    3500.0  0.000000    0.0000 
