#    PtBin     PtMin     PtMax      Value     Error  a0_70 
        1       0.0       2.5 7576984.000000 2752.6322 
        2       2.5       5.0 13578025.000000 3684.8372 
        3       5.0       7.5 12394691.000000 3520.6095 
        4       7.5      10.0 10108292.000000 3179.3540 
        5      10.0      12.5 8132133.000000 2851.6895 
        6      12.5      15.0 6591529.000000 2567.3973 
        7      15.0      17.5 5404651.000000 2324.7905 
        8      17.5      20.0 4478281.000000 2116.1949 
        9      20.0      30.0 11825132.000000 3438.7690 
       10      30.0      40.0 6374937.000000 2524.8638 
       11      40.0      50.0 3689000.000000 1920.6770 
       12      50.0      70.0 3570309.000000 1889.5261 
       13      70.0      90.0 1436510.000000 1198.5450 
       14      90.0     110.0 651729.000000  807.2973 
       15     110.0     150.0 542806.000000  736.7537 
       16     150.0     190.0 188434.000000  434.0899 
       17     190.0     250.0 96899.000000  311.2860 
       18     250.0     600.0 26796.000000  163.6948 
       19     600.0    3500.0  0.000000    0.0000 
