#    PtBin     PtMin     PtMax      Value     Error  a0_50 
        1       0.0       2.5 6867772.000000 2620.6434 
        2       2.5       5.0 11911545.000000 3451.3106 
        3       5.0       7.5 10801442.000000 3286.5547 
        4       7.5      10.0 8806498.000000 2967.5744 
        5      10.0      12.5 7095692.000000 2663.7740 
        6      12.5      15.0 5759277.000000 2399.8494 
        7      15.0      17.5 4727703.000000 2174.3282 
        8      17.5      20.0 3917918.000000 1979.3731 
        9      20.0      30.0 10350537.000000 3217.2250 
       10      30.0      40.0 5582520.000000 2362.7357 
       11      40.0      50.0 3230416.000000 1797.3358 
       12      50.0      70.0 3119782.000000 1766.2905 
       13      70.0      90.0 1258340.000000 1121.7575 
       14      90.0     110.0 570628.000000  755.3992 
       15     110.0     150.0 475821.000000  689.7978 
       16     150.0     190.0 165180.000000  406.4234 
       17     190.0     250.0 84502.000000  290.6923 
       18     250.0     600.0 23503.000000  153.3069 
       19     600.0    3500.0  0.000000    0.0000 
