#    PtBin     PtMin     PtMax      Value     Error  a0_90 
        1       0.0       2.5 5443003.000000 2333.0244 
        2       2.5       5.0 10037217.000000 3168.1567 
        3       5.0       7.5 9232796.000000 3038.5516 
        4       7.5      10.0 7532531.000000 2744.5457 
        5      10.0      12.5 6050770.000000 2459.8313 
        6      12.5      15.0 4905059.000000 2214.7368 
        7      15.0      17.5 4019627.000000 2004.9007 
        8      17.5      20.0 3328996.000000 1824.5536 
        9      20.0      30.0 8779186.000000 2962.9691 
       10      30.0      40.0 4728652.000000 2174.5464 
       11      40.0      50.0 2736429.000000 1654.2155 
       12      50.0      70.0 2657196.000000 1630.0908 
       13      70.0      90.0 1064105.000000 1031.5547 
       14      90.0     110.0 482007.000000  694.2672 
       15     110.0     150.0 402613.000000  634.5179 
       16     150.0     190.0 139462.000000  373.4461 
       17     190.0     250.0 71738.000000  267.8395 
       18     250.0     600.0 20142.000000  141.9225 
       19     600.0    3500.0  0.000000    0.0000 
