#    PtBin     PtMin     PtMax      Value     Error  a2_0 
        1       0.0       2.5 5477791.000000 2340.4681 
        2       2.5       5.0 11343686.000000 3368.0389 
        3       5.0       7.5 11035860.000000 3322.0265 
        4       7.5      10.0 9063143.000000 3010.5054 
        5      10.0      12.5 7251326.000000 2692.8286 
        6      12.5      15.0 5842471.000000 2417.1204 
        7      15.0      17.5 4767321.000000 2183.4196 
        8      17.5      20.0 3934670.000000 1983.6003 
        9      20.0      30.0 10334133.000000 3214.6746 
       10      30.0      40.0 5545559.000000 2354.9011 
       11      40.0      50.0 3201647.000000 1789.3147 
       12      50.0      70.0 3101614.000000 1761.1400 
       13      70.0      90.0 1243259.000000 1115.0152 
       14      90.0     110.0 563002.000000  750.3346 
       15     110.0     150.0 468481.000000  684.4567 
       16     150.0     190.0 162284.000000  402.8449 
       17     190.0     250.0 83044.000000  288.1736 
       18     250.0     600.0 23430.000000  153.0686 
       19     600.0    3500.0  0.000000    0.0000 
