#    PtBin     PtMin     PtMax      Value     Error  a3_25 
        1       0.0       2.5 4980470.000000 2231.6967 
        2       2.5       5.0 11142520.000000 3338.0413 
        3       5.0       7.5 11577949.000000 3402.6385 
        4       7.5      10.0 9692020.000000 3113.2009 
        5      10.0      12.5 7738202.000000 2781.7624 
        6      12.5      15.0 6203153.000000 2490.6130 
        7      15.0      17.5 5036034.000000 2244.1110 
        8      17.5      20.0 4138418.000000 2034.3102 
        9      20.0      30.0 10831608.000000 3291.1408 
       10      30.0      40.0 5780260.000000 2404.2171 
       11      40.0      50.0 3327218.000000 1824.0663 
       12      50.0      70.0 3214660.000000 1792.9473 
       13      70.0      90.0 1287705.000000 1134.7709 
       14      90.0     110.0 582133.000000  762.9764 
       15     110.0     150.0 484884.000000  696.3361 
       16     150.0     190.0 168012.000000  409.8927 
       17     190.0     250.0 85913.000000  293.1092 
       18     250.0     600.0 24326.000000  155.9679 
       19     600.0    3500.0  0.000000    0.0000 
