#put your comments after a '#'.
#efficiency name: HLT
#dimension: 1 


     #PtMin      PtMax     EtaMin     EtaMax   NumParms        eff      systp      systm        den
         20         25       -2.5        2.5          4     0.9534     0.9542     0.9527     1382.7
         25         30       -2.5        2.5          4      0.959     0.9595     0.9585     2105.2
         30         35       -2.5        2.5          4     0.9691     0.9694     0.9688       3101
         35         40       -2.5        2.5          4     0.9729     0.9736     0.9722     4021.1
         40         50       -2.5        2.5          4     0.9799       0.98     0.9797     7917.6
         50        120       -2.5        2.5          4     0.9815     0.9819     0.9812     2745.7
