# Smear/Smear
#Bin Y_min Y_max Eff*Acc MCErr#  Fri May 13 12:22:51 2011 
  1 -5.00 -4.90 0.00000 0.00000
  2 -4.90 -4.80 0.00000 0.00000
  3 -4.80 -4.70 0.00000 0.00000
  4 -4.70 -4.60 0.00000 0.00000
  5 -4.60 -4.50 0.00000 0.00000
  6 -4.50 -4.40 0.00000 0.00000
  7 -4.40 -4.30 0.00000 0.00000
  8 -4.30 -4.20 0.00000 0.00000
  9 -4.20 -4.10 0.00000 0.00000
 10 -4.10 -4.00 0.00000 0.00000
 11 -4.00 -3.90 0.00000 0.00000
 12 -3.90 -3.80 0.00002 0.00002
 13 -3.80 -3.70 0.00049 0.00007
 14 -3.70 -3.60 0.00369 0.00017
 15 -3.60 -3.50 0.01407 0.00028
 16 -3.50 -3.40 0.03229 0.00038
 17 -3.40 -3.30 0.05686 0.00046
 18 -3.30 -3.20 0.08357 0.00053
 19 -3.20 -3.10 0.11554 0.00059
 20 -3.10 -3.00 0.14810 0.00064
 21 -3.00 -2.90 0.18635 0.00070
 22 -2.90 -2.80 0.22905 0.00076
 23 -2.80 -2.70 0.22784 0.00074
 24 -2.70 -2.60 0.19312 0.00065
 25 -2.60 -2.50 0.15528 0.00056
 26 -2.50 -2.40 0.15270 0.00055
 27 -2.40 -2.30 0.18944 0.00061
 28 -2.30 -2.20 0.23308 0.00068
 29 -2.20 -2.10 0.27112 0.00073
 30 -2.10 -2.00 0.29515 0.00077
 31 -2.00 -1.90 0.29746 0.00076
 32 -1.90 -1.80 0.31935 0.00079
 33 -1.80 -1.70 0.35194 0.00083
 34 -1.70 -1.60 0.38800 0.00088
 35 -1.60 -1.50 0.43200 0.00094
 36 -1.50 -1.40 0.45548 0.00096
 37 -1.40 -1.30 0.46803 0.00098
 38 -1.30 -1.20 0.48745 0.00100
 39 -1.20 -1.10 0.50497 0.00102
 40 -1.10 -1.00 0.51471 0.00103
 41 -1.00 -0.90 0.52543 0.00104
 42 -0.90 -0.80 0.53276 0.00104
 43 -0.80 -0.70 0.54233 0.00105
 44 -0.70 -0.60 0.55184 0.00106
 45 -0.60 -0.50 0.56085 0.00107
 46 -0.50 -0.40 0.57032 0.00108
 47 -0.40 -0.30 0.57879 0.00109
 48 -0.30 -0.20 0.58671 0.00110
 49 -0.20 -0.10 0.59370 0.00111
 50 -0.10  0.00 0.60106 0.00112
 51  0.00  0.10 0.60134 0.00112
 52  0.10  0.20 0.59758 0.00111
 53  0.20  0.30 0.58941 0.00111
 54  0.30  0.40 0.58344 0.00110
 55  0.40  0.50 0.57563 0.00109
 56  0.50  0.60 0.56762 0.00108
 57  0.60  0.70 0.55726 0.00107
 58  0.70  0.80 0.54933 0.00106
 59  0.80  0.90 0.53892 0.00105
 60  0.90  1.00 0.53148 0.00105
 61  1.00  1.10 0.52369 0.00104
 62  1.10  1.20 0.51441 0.00103
 63  1.20  1.30 0.49900 0.00102
 64  1.30  1.40 0.48015 0.00099
 65  1.40  1.50 0.46517 0.00098
 66  1.50  1.60 0.44127 0.00095
 67  1.60  1.70 0.39476 0.00089
 68  1.70  1.80 0.36034 0.00085
 69  1.80  1.90 0.32795 0.00080
 70  1.90  2.00 0.30818 0.00078
 71  2.00  2.10 0.30719 0.00079
 72  2.10  2.20 0.28723 0.00076
 73  2.20  2.30 0.24727 0.00070
 74  2.30  2.40 0.20296 0.00063
 75  2.40  2.50 0.16149 0.00057
 76  2.50  2.60 0.16160 0.00057
 77  2.60  2.70 0.19705 0.00066
 78  2.70  2.80 0.23202 0.00074
 79  2.80  2.90 0.23280 0.00077
 80  2.90  3.00 0.18987 0.00071
 81  3.00  3.10 0.15306 0.00065
 82  3.10  3.20 0.11871 0.00060
 83  3.20  3.30 0.08850 0.00054
 84  3.30  3.40 0.06108 0.00048
 85  3.40  3.50 0.03526 0.00040
 86  3.50  3.60 0.01557 0.00030
 87  3.60  3.70 0.00426 0.00018
 88  3.70  3.80 0.00054 0.00008
 89  3.80  3.90 0.00003 0.00002
 90  3.90  4.00 0.00000 0.00000
 91  4.00  4.10 0.00000 0.00000
 92  4.10  4.20 0.00000 0.00000
 93  4.20  4.30 0.00000 0.00000
 94  4.30  4.40 0.00000 0.00000
 95  4.40  4.50 0.00000 0.00000
 96  4.50  4.60 0.00000 0.00000
 97  4.60  4.70 0.00000 0.00000
 98  4.70  4.80 0.00000 0.00000
 99  4.80  4.90 0.00000 0.00000
 100  4.90  5.00 0.00000 0.00000
