#Bin pt_min pt_max Eff Wed Jun 15 14:11:17 2011
  1  0.70  2.50 0.71800
  2  2.50  5.00 0.71639
  3  5.00  7.50 0.71474
  4  7.50 10.00 0.71353
  5 10.00 12.50 0.71163
  6 12.50 15.00 0.70852
  7 15.00 17.50 0.70621
  8 17.50 20.00 0.70385
  9 20.00 30.00 0.70102
 10 30.00 40.00 0.69703
 11 40.00 50.00 0.69064
 12 50.00 70.00 0.69078
 13 70.00 90.00 0.70029
 14 90.00 110.00 0.72477
 15 110.00 150.00 0.73937
 16 150.00 190.00 0.75146
 17 190.00 250.00 0.75989
 18 250.00 600.00 0.77156
 19 600.00 3500.00 0.33333
