#Bin pt_min pt_max Eff Tue Jul  5 13:12:47 2011
  1  0.70  2.50 0.71892
  2  2.50  5.00 0.71778
  3  5.00  7.50 0.71696
  4  7.50 10.00 0.71558
  5 10.00 12.50 0.71372
  6 12.50 15.00 0.71110
  7 15.00 17.50 0.70899
  8 17.50 20.00 0.70753
  9 20.00 30.00 0.70490
 10 30.00 40.00 0.70053
 11 40.00 50.00 0.69493
 12 50.00 70.00 0.69570
 13 70.00 90.00 0.70491
 14 90.00 110.00 0.72610
 15 110.00 150.00 0.73910
 16 150.00 190.00 0.75936
 17 190.00 250.00 0.76449
 18 250.00 600.00 0.77620
 19 600.00 3500.00 0.33962
