#Bin pt_min pt_max Eff Sat Feb 26 11:41:05 2011
  1  0.70  2.50 0.60437
  2  2.50  5.00 0.61691
  3  5.00  7.50 0.66164
  4  7.50 10.00 0.69205
  5 10.00 12.50 0.70139
  6 12.50 15.00 0.69788
  7 15.00 17.50 0.69187
  8 17.50 20.00 0.68194
  9 20.00 30.00 0.65566
 10 30.00 40.00 0.61229
 11 40.00 50.00 0.58705
 12 50.00 70.00 0.56346
 13 70.00 90.00 0.53309
 14 90.00 110.00 0.50855
 15 110.00 150.00 0.51973
 16 150.00 190.00 0.54871
 17 190.00 250.00 0.57697
 18 250.00 600.00 0.61508
 19 600.00 3500.00 0.29333
