#put your comments after a '#' 
# Negative PDF errors
#Bin        YMin        YMax     Entries
1          -5        -4.9           0
2        -4.9        -4.8           0
3        -4.8        -4.7           0
4        -4.7        -4.6           0
5        -4.6        -4.5           0
6        -4.5        -4.4           0
7        -4.4        -4.3           0
8        -4.3        -4.2           0
9        -4.2        -4.1           0
10        -4.1          -4           0
11          -4        -3.9           0
12        -3.9        -3.8   -0.239722
13        -3.8        -3.7  -0.0515001
14        -3.7        -3.6  -0.0243784
15        -3.6        -3.5 -0.00677543
16        -3.5        -3.4 -0.00290038
17        -3.4        -3.3  -0.0042815
18        -3.3        -3.2 -0.00345639
19        -3.2        -3.1 -0.00318984
20        -3.1          -3 -0.00180847
21          -3        -2.9 -0.00244078
22        -2.9        -2.8 -0.00148384
23        -2.8        -2.7 -0.00263343
24        -2.7        -2.6 -0.00200262
25        -2.6        -2.5 -0.00167338
26        -2.5        -2.4 -0.00106167
27        -2.4        -2.3-0.000515515
28        -2.3        -2.2-0.000546637
29        -2.2        -2.1 -0.00045541
30        -2.1          -2-0.000277234
31          -2        -1.9 -0.00132982
32        -1.9        -1.8 -0.00143854
33        -1.8        -1.7-0.000520203
34        -1.7        -1.6-0.000341344
35        -1.6        -1.5-0.000413001
36        -1.5        -1.4-0.000545345
37        -1.4        -1.3-0.000723391
38        -1.3        -1.2-0.000591517
39        -1.2        -1.1-0.000767014
40        -1.1          -1-0.000487001
41          -1        -0.9-0.000547938
42        -0.9        -0.8-0.000409081
43        -0.8        -0.7-0.000401914
44        -0.7        -0.6-0.000623495
45        -0.6        -0.5 -0.00035122
46        -0.5        -0.4-0.000383038
47        -0.4        -0.3-0.000454457
48        -0.3        -0.2-0.000440127
49        -0.2        -0.1-0.000586381
50        -0.1 3.60822e-16-0.000627234
51           0         0.1-0.000666298
52         0.1         0.2-0.000854931
53         0.2         0.3-0.000700635
54         0.3         0.4-0.000654499
55         0.4         0.5-0.000554176
56         0.5         0.6 -0.00063977
57         0.6         0.7-0.000389091
58         0.7         0.8-0.000527188
59         0.8         0.9-0.000490721
60         0.9           1-0.000697033
61           1         1.1-0.000700641
62         1.1         1.2-0.000694527
63         1.2         1.3-0.000879504
64         1.3         1.4-0.000711816
65         1.4         1.5-0.000605872
66         1.5         1.6-0.000394639
67         1.6         1.7-0.000413587
68         1.7         1.8-0.000590667
69         1.8         1.9-0.000921831
70         1.9           2 -0.00112747
71           2         2.1-0.000480599
72         2.1         2.2-0.000346202
73         2.2         2.3-0.000597381
74         2.3         2.4-0.000444127
75         2.4         2.5-0.000970584
76         2.5         2.6 -0.00160494
77         2.6         2.7 -0.00150596
78         2.7         2.8 -0.00199194
79         2.8         2.9 -0.00211663
80         2.9           3 -0.00201381
81           3         3.1 -0.00242934
82         3.1         3.2 -0.00369337
83         3.2         3.3 -0.00428715
84         3.3         3.4 -0.00462102
85         3.4         3.5 -0.00454312
86         3.5         3.6  -0.0108969
87         3.6         3.7  -0.0316753
88         3.7         3.8  -0.0564344
89         3.8         3.9    -0.15814
90         3.9           4           0
91           4         4.1           0
92         4.1         4.2           0
93         4.2         4.3           0
94         4.3         4.4           0
95         4.4         4.5           0
96         4.5         4.6           0
97         4.6         4.7           0
98         4.7         4.8           0
99         4.8         4.9           0
