#put your comments after a '#' 
# Negative PDF errors
#Bin        YMin        YMax     Entries
1          -5        -4.9           0
2        -4.9        -4.8           0
3        -4.8        -4.7           0
4        -4.7        -4.6           0
5        -4.6        -4.5           0
6        -4.5        -4.4           0
7        -4.4        -4.3           0
8        -4.3        -4.2           0
9        -4.2        -4.1           0
10        -4.1          -4           0
11          -4        -3.9           0
12        -3.9        -3.8   -0.272354
13        -3.8        -3.7  -0.0631718
14        -3.7        -3.6  -0.0552584
15        -3.6        -3.5  -0.0148479
16        -3.5        -3.4 -0.00260638
17        -3.4        -3.3 -0.00314895
18        -3.3        -3.2 -0.00365086
19        -3.2        -3.1  -0.0035158
20        -3.1          -3 -0.00196721
21          -3        -2.9 -0.00236029
22        -2.9        -2.8 -0.00221884
23        -2.8        -2.7 -0.00200465
24        -2.7        -2.6 -0.00218355
25        -2.6        -2.5 -0.00199298
26        -2.5        -2.4 -0.00114923
27        -2.4        -2.3 -0.00031643
28        -2.3        -2.2 -0.00076959
29        -2.2        -2.1-0.000523014
30        -2.1          -2-0.000622024
31          -2        -1.9 -0.00123708
32        -1.9        -1.8 -0.00147865
33        -1.8        -1.7-0.000428495
34        -1.7        -1.6-0.000312022
35        -1.6        -1.5-0.000311329
36        -1.5        -1.4-0.000479788
37        -1.4        -1.3-0.000588307
38        -1.3        -1.2-0.000745466
39        -1.2        -1.1 -0.00076229
40        -1.1          -1-0.000463191
41          -1        -0.9-0.000400302
42        -0.9        -0.8-0.000387684
43        -0.8        -0.7-0.000429435
44        -0.7        -0.6-0.000408013
45        -0.6        -0.5-0.000287405
46        -0.5        -0.4-0.000322975
47        -0.4        -0.3-0.000424787
48        -0.3        -0.2 -0.00053037
49        -0.2        -0.1-0.000502192
50        -0.1 3.60822e-16-0.000596055
51           0         0.1-0.000607411
52         0.1         0.2-0.000780626
53         0.2         0.3-0.000718589
54         0.3         0.4-0.000586026
55         0.4         0.5 -0.00046781
56         0.5         0.6-0.000471817
57         0.6         0.7-0.000354077
58         0.7         0.8-0.000428552
59         0.8         0.9-0.000447215
60         0.9           1-0.000689321
61           1         1.1-0.000735123
62         1.1         1.2-0.000676623
63         1.2         1.3-0.000865634
64         1.3         1.4-0.000775994
65         1.4         1.5-0.000583578
66         1.5         1.6-0.000508192
67         1.6         1.7-0.000283938
68         1.7         1.8-0.000573688
69         1.8         1.9 -0.00094781
70         1.9           2-0.000987311
71           2         2.1-0.000409117
72         2.1         2.2-0.000194051
73         2.2         2.3-0.000573595
74         2.3         2.4-0.000412379
75         2.4         2.5-0.000942376
76         2.5         2.6 -0.00189193
77         2.6         2.7 -0.00151153
78         2.7         2.8 -0.00193357
79         2.8         2.9 -0.00193627
80         2.9           3 -0.00206005
81           3         3.1 -0.00314245
82         3.1         3.2 -0.00390922
83         3.2         3.3 -0.00518969
84         3.3         3.4   -0.004796
85         3.4         3.5 -0.00331009
86         3.5         3.6  -0.0179697
87         3.6         3.7  -0.0529541
88         3.7         3.8  -0.0643992
89         3.8         3.9           0
90         3.9           4           0
91           4         4.1           0
92         4.1         4.2           0
93         4.2         4.3           0
94         4.3         4.4           0
95         4.4         4.5           0
96         4.5         4.6           0
97         4.6         4.7           0
98         4.7         4.8           0
99         4.8         4.9           0
