 ******************************************
       CHECK  COLL. LIMITS FOR FSR       

 ******************************************

 ******************************************
       CHECK  COLL. LIMITS FOR ISR       

  Random Born variables ====>   0.964128937244546       8.471546435262312E-002  0.618662986247870     
  Random radiation variables ====>   0.625553473382013       0.772898470840488       0.829737715473264     
 ######### Check coll  0.100000000000000     
 ######### Check coll  1.000000000000000E-002
 ######### Check coll  1.000000000000000E-003
 ######### Check coll  1.000000000000000E-004
 ######### Check coll  1.000000000000000E-005
 ######### Check coll  1.000000000000000E-006
 ######### Check coll  1.000000000000000E-007
 ######### Check coll  1.000000000000000E-008
  emitter            0 , process           -5           5          11         -11           0 ,  coll-plus:
  0.388786101909749       0.997497882730394              
  0.116102793031159       0.999708853292237              
  0.391504142591546       0.999885994660444              
  0.972347031012729       0.999889146897089              
  0.996072165505067       0.999889582261654              
  0.998934764796659       0.999889699869542              
   1.00287509747774       0.999889382780994              
  emitter            0 , process           -4           4          11         -11           0 ,  coll-plus:
  0.225405776829566       0.997014824801829              
  0.114010379959218       0.999658756508943              
  0.390965035774411       0.999866557993163              
  0.972225794235207       0.999870263758084              
  0.996600568981141       0.999870704730466              
  0.999089988898278       0.999870822375398              
   1.00245483655385       0.999870505306507              
  emitter            0 , process           -3           3          11         -11           0 ,  coll-plus:
  0.250538048980756       0.997460276577203              
  0.114552819200217       0.999708411801028              
  0.391140629131848       0.999885927756453              
  0.972330381650796       0.999889083741808              
  0.996074063945947       0.999889519143836              
  0.998935369969537       0.999889636752092              
   1.00287345315830       0.999889319663568              
  emitter            0 , process           -2           2          11         -11           0 ,  coll-plus:
  0.190279207055495       0.996988796357108              
  0.113123221941871       0.999658450812145              
  0.390750618558977       0.999866511666173              
  0.972215984120722       0.999870220026826              
  0.996601514408358       0.999870661025149              
  0.999090294395171       0.999870778670335              
   1.00245400626260       0.999870461601461              
  emitter            0 , process           -1           1          11         -11           0 ,  coll-plus:
  0.254804614953789       0.997462028039028              
  0.114623989640686       0.999708432358401              
  0.391157531178996       0.999885930871730              
  0.972331156467400       0.999889086682532              
  0.996073975597800       0.999889522082815              
  0.998935341801980       0.999889639691055              
   1.00287352968383       0.999889322602530              
  emitter            0 , process            1          -1          11         -11           0 ,  coll-plus:
  2.331266848324038E-002   1.00060648083419              
  6.985296135394140E-002   1.00004234059725              
  0.371215745024721        1.00001571707792              
  0.965887892399979        1.00001518092712              
   1.02621640526994        1.00001557892266              
   1.00753324403977        1.00001569628433              
  0.979790437053938        1.00001537906441              
  emitter            0 , process            2          -2          11         -11           0 ,  coll-plus:
  6.179105291072629E-002   1.00236781779562              
  0.100383812700002        1.00023718534315              
  0.386590602849019        1.00009168028607              
  0.970628845418257        1.00008898729060              
   1.00422654662611        1.00008936343314              
   1.00131158151764        1.00008948065106              
  0.996454332209998        1.00008916335410              
  emitter            0 , process            3          -3          11         -11           0 ,  coll-plus:
  3.178466255039540E-002   1.00049950049820              
  8.229627374891860E-002   1.00004108819518              
  0.377912032889663        1.00001552732648              
  0.966155780251859        1.00001500180835              
   1.02653651205978        1.00001539991015              
   1.00762088149507        1.00001551727286              
  0.979557294677565        1.00001520005300              
  emitter            0 , process            4          -4          11         -11           0 ,  coll-plus:
  7.256839131000802E-002   1.00229802775521              
  0.103069620478504        1.00023636965033              
  0.387401565629915        1.00009155671522              
  0.970664824825083        1.00008887064425              
   1.00423287324698        1.00008924685600              
   1.00131330250963        1.00008936407459              
  0.996449706921244        1.00008904677768              
  emitter            0 , process            5          -5          11         -11           0 ,  coll-plus:
  2.778682738396275E-002   1.00053722123592              
  7.734321663032891E-002   1.00004152983330              
  0.375504603408194        1.00001559423914              
  0.966060570014660        1.00001506497158              
   1.02642276292870        1.00001546303591              
   1.00758974599084        1.00001558039825              
  0.979640119926892        1.00001526317837              
  Random Born variables ====>   0.698061387356201       0.646814381550048       0.828765954154107     
  Random radiation variables ====>   0.196727045891741       0.335195178912937       0.378961439761731     
 ######### Check coll  0.900000000000000     
 ######### Check coll  0.990000000000000     
 ######### Check coll  0.999000000000000     
 ######### Check coll  0.999900000000000     
 ######### Check coll  0.999990000000000     
 ######### Check coll  0.999999000000000     
 ######### Check coll  0.999999900000000     
 ######### Check coll  0.999999990000000     
  emitter            0 , process           -5           5          11         -11           0 ,  coll-minus:
 -3.840062433734884E-003  0.999986487169875              
  0.486611278140633       0.999993424458845              
  0.412270486569110       0.999997289087972              
  0.971576162413516       0.999997366142292              
  0.999054671014594       0.999997368632148              
   1.00032779478315       0.999997367769601              
   1.00054999578464       0.999997366321889              
  emitter            0 , process           -4           4          11         -11           0 ,  coll-minus:
 -4.204395709352654E-003  0.999985569920595              
  0.455469499686684       0.999993427487309              
  0.411831252258033       0.999997293223404              
  0.971556935152066       0.999997370212224              
  0.999053466301789       0.999997372701400              
   1.00032830535603       0.999997371838846              
   1.00055084724341       0.999997370391135              
  emitter            0 , process           -3           3          11         -11           0 ,  coll-minus:
 -4.060792185623018E-003  0.999985780510436              
  0.463014911714754       0.999993416114022              
  0.411940000480823       0.999997287823506              
  0.971563290254620       0.999997364948679              
  0.999054830353495       0.999997367439243              
   1.00032764356563       0.999997366576704              
   1.00054974660898       0.999997365128992              
  emitter            0 , process           -2           2          11         -11           0 ,  coll-minus:
 -2.626791599373583E-004  0.999998707505020              
   4.96631504153387       0.999993581095646              
  0.418060924561457       0.999997316496887              
  0.971796230057254       0.999997392181594              
  0.999050493282096       0.999997394657729              
   1.00033112221308       0.999997393795044              
   1.00055548848324       0.999997392347331              
  emitter            0 , process           -1           1          11         -11           0 ,  coll-minus:
 -9.586315274504468E-004  0.999995592640990              
   1.46780697370521       0.999993530861048              
  0.416559417981104       0.999997305209072              
  0.971741338465710       0.999997381360057              
  0.999052627294631       0.999997383840879              
   1.00032973485266       0.999997382978242              
   1.00055319248689       0.999997381530529              
  emitter            0 , process            1          -1          11         -11           0 ,  coll-minus:
 -2.133428379839328E-003  0.999992210489528              
  0.760256157475840       0.999994077965640              
  0.414640466386106       0.999997544476399              
  0.971568637362363       0.999997614290114              
  0.998987130001305       0.999997616706523              
   1.00036223076447       0.999997615843222              
   1.00060723183004       0.999997614395490              
  emitter            0 , process            2          -2          11         -11           0 ,  coll-minus:
 -3.619388963947793E-003  0.999988185610454              
  0.508038609720056       0.999993997799074              
  0.412594102024573       0.999997523518567              
  0.971495906613237       0.999997594108256              
  0.998992376584718       0.999997596532483              
   1.00035915730808       0.999997595669262              
   1.00060213618806       0.999997594221531              
  emitter            0 , process            3          -3          11         -11           0 ,  coll-minus:
 -2.370283754962881E-003  0.999991619020800              
  0.707419980454277       0.999994071113320              
  0.414336335658656       0.999997543438289              
  0.971556972349341       0.999997613310174              
  0.998987302117958       0.999997615727165              
   1.00036207952963       0.999997614863870              
   1.00060698252115       0.999997613416138              
  emitter            0 , process            4          -4          11         -11           0 ,  coll-minus:
 -2.615142830350776E-003  0.999990942158977              
  0.659075803627882       0.999994030177713              
  0.414010115497501       0.999997528424539              
  0.971550552317237       0.999997598739327              
  0.998991578229486       0.999997601160805              
   1.00035986178924       0.999997600297557              
   1.00060329746037       0.999997598849826              
  emitter            0 , process            5          -5          11         -11           0 ,  coll-minus:
 -2.159887348546547E-003  0.999992325684366              
  0.771473542480127       0.999994079458148              
  0.414706761500213       0.999997544702754              
  0.971571181242034       0.999997614503788              
  0.998987092398858       0.999997616920069              
   1.00036226386301       0.999997616056768              
   1.00060728622743       0.999997614609035              
  Random Born variables ====>   3.084102631824948E-002  0.881025233971624       0.376402715666099     
  Random radiation variables ====>   0.280712132292397       0.203375468470494       0.528989466454345     
 ######### Check coll  0.100000000000000     
 ######### Check coll  1.000000000000000E-002
 ######### Check coll  1.000000000000000E-003
 ######### Check coll  1.000000000000000E-004
 ######### Check coll  1.000000000000000E-005
 ######### Check coll  1.000000000000000E-006
 ######### Check coll  1.000000000000000E-007
 ######### Check coll  1.000000000000000E-008
  emitter            1 , process            0          -5          11         -11          -5 ,  coll-plus:
  7.282803170115532E-003   1.00025255699310              
 -3.451869459826051E-002  0.999991284339470              
  0.507905326532245       0.999995573250607              
  0.975692022342366       0.999995680855467              
  0.999773957488218       0.999995681831773              
  0.999985072065043       0.999995681896234              
   1.00001945020044       0.999995681812247              
  emitter            1 , process            0          -4          11         -11          -4 ,  coll-plus:
  1.560418441473263E-002   1.00053857126462              
  4.757563146516194E-002   1.00002560973153              
  0.352663335476973        1.00000903146362              
  0.969752519214688        1.00000875828220              
  0.999670192485290        1.00000875539363              
   1.00000294753224        1.00000875541944              
  0.999990363241528        1.00000875533506              
  emitter            1 , process            0          -3          11         -11          -3 ,  coll-plus:
  7.449788293492907E-003   1.00027013261259              
 -3.151100640643798E-002  0.999991490220719              
  0.516527755235723       0.999995604444726              
  0.975917176501621       0.999995710301654              
  0.999776480803248       0.999995711260480              
  0.999985010353201       0.999995711324766              
   1.00001958411430       0.999995711240777              
  emitter            1 , process            0          -2          11         -11          -2 ,  coll-plus:
  1.543342926397720E-002   1.00055037748802              
  4.680675948131943E-002   1.00002574787895              
  0.351584127570161        1.00000905239443              
  0.969692896593336        1.00000877804016              
  0.999669598677474        1.00000877513986              
   1.00000292752755        1.00000877516555              
  0.999990384806541        1.00000877508118              
  emitter            1 , process            0          -1          11         -11          -1 ,  coll-plus:
  8.417303524089348E-003   1.00041167835514              
 -1.665063849362966E-002  0.999993148160254              
  0.604850889680277       0.999995855647413              
  0.977853864023665       0.999995947428437              
  0.999798137477258       0.999995948246496              
  0.999984481000098       0.999995948309375              
   1.00002073318233       0.999995948225371              
  emitter            1 , process            0           1          11         -11           1 ,  coll-plus:
  2.011219140773472E-003   1.00004973164271              
 -0.424403257588124       0.999978895223848              
  0.425169120413473       0.999991026792027              
  0.973066639608809       0.999991268468561              
  0.999732521984571       0.999991270804033              
  0.999991058900979       0.999991270882081              
   1.00000960623003       0.999991270798228              
  emitter            1 , process            0           2          11         -11           2 ,  coll-plus:
 -4.064389917603568E-003  0.999911735211271              
  0.385496476909736       0.999965972389285              
  0.409813568723776       0.999986054743360              
  0.972462651787502       0.999986438753541              
  0.999721287905328       0.999986442533173              
  0.999993178170105       0.999986442625658              
   1.00000617456049       0.999986442541949              
  emitter            1 , process            0           3          11         -11           3 ,  coll-plus:
  4.805819901167638E-003   1.00017207077057              
 -0.114344076142980       0.999980328498641              
  0.445108274857001       0.999991243956389              
  0.973788399148320       0.999991473464352              
  0.999740363621590       0.999991475678132              
  0.999990986770603       0.999991475754963              
   1.00000983859173       0.999991475671097              
  emitter            1 , process            0           4          11         -11           4 ,  coll-plus:
  8.202835554825426E-004   1.00002635383125              
  -1.24029552856864       0.999967315390657              
  0.420427488564595       0.999986258231467              
  0.972884643453484       0.999986630839439              
  0.999725812821403       0.999986634505043              
  0.999993165497460       0.999986634596388              
   1.00000626412141       0.999986634512667              
  emitter            1 , process            0           5          11         -11           5 ,  coll-plus:
  4.514523801984347E-003   1.00015449687410              
 -0.128681221533490       0.999980122619690              
  0.442067314942098       0.999991212762406              
  0.973682529807739       0.999991444018290              
  0.999739214114334       0.999991446249551              
  0.999990997374079       0.999991446326556              
   1.00000980452438       0.999991446242692              
  Random Born variables ====>   0.917483075302265       0.158438626704378       0.590809832992512     
  Random radiation variables ====>   0.633936082752815       0.771797058072011       0.180349186710242     
 ######### Check coll  0.900000000000000     
 ######### Check coll  0.990000000000000     
 ######### Check coll  0.999000000000000     
 ######### Check coll  0.999900000000000     
 ######### Check coll  0.999990000000000     
 ######### Check coll  0.999999000000000     
 ######### Check coll  0.999999900000000     
 ######### Check coll  0.999999990000000     
  emitter            2 , process           -5           0          11         -11          -5 ,  coll-minus:
  0.155073092025234       0.976472519693185      *-WARN-*
  0.112281332130118       0.997301952330042              
  0.390286927522031       0.998945252167553              
  0.971625925264784       0.998975148990155              
  0.999703651076195       0.998975452392480              
  0.999997019672164       0.998975455442839              
  0.999999939469060       0.998975455504792              
  emitter            2 , process           -4           0          11         -11          -4 ,  coll-minus:
  0.147082297001796       0.973262498522130      *-WARN-*
  0.111751390230549       0.996939358177092              
  0.390150991238375       0.998803654545024              
  0.971619791019725       0.998837567611524              
  0.999703584008055       0.998837911774660              
  0.999997020832001       0.998837915232693              
  0.999999943128822       0.998837915298705              
  emitter            2 , process           -3           0          11         -11          -3 ,  coll-minus:
  0.165623718561720       0.976565460845352      *-WARN-*
  0.112690790407753       0.997303064029764              
  0.390385721081764       0.998945420882854              
  0.971630359622507       0.998975308256398              
  0.999703697378124       0.998975611564225              
  0.999997020133421       0.998975614613639              
  0.999999939468683       0.998975614675582              
  emitter            2 , process           -2           0          11         -11          -2 ,  coll-minus:
  0.133932977944672       0.973083502568471      *-WARN-*
  0.111065981315317       0.996937209439373              
  0.389982859895542       0.998803328370797              
  0.971612235671987       0.998837259703729              
  0.999703505117055       0.998837604049545              
  0.999997020046173       0.998837607509405              
  0.999999943128270       0.998837607575435              
  emitter            2 , process           -1           0          11         -11          -1 ,  coll-minus:
  0.240839986213667       0.976974441586151      *-WARN-*
  0.114531927480542       0.997307951867951              
  0.390821058183745       0.998946162671382              
  0.971649872977428       0.998976008500307              
  0.999703901125010       0.998976311392653              
  0.999997022161215       0.998976314437912              
  0.999999939467797       0.998976314499815              
  emitter            2 , process            1           0          11         -11           1 ,  coll-minus:
 -5.908044221279759E-002   1.00212567955777              
  0.121520234917883        1.00025783161311              
  0.391841345116904        1.00010101324696              
  0.971693175258811        1.00009815360203              
  0.999704061647219        1.00009812455176              
  0.999997200936692        1.00009812427708              
   1.00000029317969        1.00009812430585              
  emitter            2 , process            2           0          11         -11           2 ,  coll-minus:
  -5.11623374675855        1.00894513037838              
  0.114946165031261        1.00102013212628              
  0.390769216334989        1.00039838863464              
  0.971646880964579        1.00038708870188              
  0.999703776931326        1.00038697399290              
  0.999997077409707        1.00038697286150              
   1.00000005224217        1.00038697288172              
  emitter            2 , process            3           0          11         -11           3 ,  coll-minus:
  7.810252037696838E-002   1.00292467227972              
  9.159362150779886E-002   1.00026717150698              
  0.383442908321585        1.00010242814703              
  0.971310237948912        1.00009948921550              
  0.999700065881805        1.00009945937232              
  0.999997158787854        1.00009945908971              
   1.00000028845184        1.00009945911840              
  emitter            2 , process            4           0          11         -11           4 ,  coll-minus:
  0.140383372665882        1.00975080387704              
  0.106500293079114        1.00102949416703              
  0.388596552884568        1.00039980623197              
  0.971548809063854        1.00038842685019              
  0.999702753110715        1.00038831134668              
  0.999997067024684        1.00038831020733              
   1.00000005185941        1.00038831022748              
  emitter            2 , process            5           0          11         -11           5 ,  coll-minus:
  9.892068653978640E-002   1.00282922248315              
  9.427970770364895E-002   1.00026605650315              
  0.384414525397280        1.00010225923632              
  0.971355395966672        1.00009932977003              
  0.999700537246089        1.00009930002151              
  0.999997163761196        1.00009929973984              
   1.00000028901217        1.00009929976854              
 ******************************************

