Y_z0:{-5, -3.7, -3.3, -3.2, -3.1, -3.0, -2.9, -2.8, -2.7, -2.6, -2.5, -2.4, -2.3, -2.0, 0.0, 2.0, 2.4, 2.5, 2.6, 2.7, 2.8, 2.9, 3.0, 3.1, 3.3, 3.6, 5.0} 26 bins

at_z0:{0, 1, 2, 3, 4, 5, 6, 7, 8, 10, 12, 14, 16, 18, 21, 24, 27, 35, 40, 45, 60,100, 150} 22 bins

pt_z0:{0, 2, 4, 6, 8, 10, 12, 14, 16, 18, 20, 22, 26, 32, 38, 50, 70, 100, 150, 250, 400} 20 bins

phistar_z0:{0, 0.01, 0.02, 0.03, 0.04, 0.05, 0.06, 0.07, 0.08, 0.1, 0.12, 0.14, 0.16, 0.18, 0.22, 0.26, 0.3, 0.35, 0.45, 0.6, 0.8, 1} 21 bins

eta_any: {-5, -4.6, -4, -3.8, -3.6, -3.4, -3.2, -3.0, -2.6, -2.4, -2.2, -2.0, -1.8, -1.4, 0.0, 1.4, 1.8, 2.0, 2.2, 2.4, 2.6, 3.0, 3.2, 3.4, 3.6, 3.8, 4, 4.6, 5}28 bins

phi {-3.14,-2.512,-1.884,-1.256,-0.628,0.0,6.268,1.256,1.884,2.512,3.14} 10 bins
pt_e {0, 20, 22, 24, 26, 28, 30, 32, 34, 36, 38, 40, 42, 46, 60, 110, 400} 16 bins
